10.001
10.017
10.001
10.001
10.003
10.002
10.002
10.006
10.001
10.002
10.002
10.003
10.001
9.163
8.178
1.458
9.018
2.582
1.782
6.715
1.771
3.297
8.162
10.001
0.87
1.728
2.674
2.195
1.493
2.343
4.374
3.624
2.456
8.101
2.205
1.085
3.562
1.565
2.857
1.839
1.198
3.725
5.08
2.447
2.159
1.29
5.292
0.781
2.071
3.214
2.282
4.215
4.709
1.547
1.973
10.002
0.742
1.04
0.652
3.685
1.214
2.476
1.845
5.794
3.176
10.004
1.361
4.583
8.721
2.283
1.423
4.143
1.582
0.457
3.393
2.786
0.963
10.001
0.694
4.282
10.001
5.972
2.631
2.385
2.305
1.869
0.556
3.077
0.994
2.182
4.915
2.015
0.908
4.232
1.348
6.723
0.293
9.098
0.719
8.921
0.415
4.018
1.395
1.074
1.573
3.492
2.812
3.252
8.438
1.433
0.674
3.418
4.706
2.265
10.001
1.4
1.46
4.487
0.549
0.885
0.753
1.221
2.319
4.727
3.369
4.983
1.121
1.691
0.866
1.479
1.412
2.328
5.647
0.282
2.252
2.928
0.894
4.572
0.593
1.716
0.66
5.724
0.238
2.254
10.001
0.928
0.312
9.492
0.37
1.227
4.348
0.831
4.742
6.154
3.874
1.77
2.959
1.141
1.99
2.101
2.948
3.023
0.882
3.573
2.232
2.873
1.824
0.536
2.227
8.597
0.79
4.963
4.27
1.153
0.524
0.482
10.037
4.545
0.299
4.248
6.355
3.405
4.248
8.575
6.67
5.012
0.399
1.779
1.214
4.894
1.575
1.703
1.926
3.626
0.607
1.078
0.84
8.192
0.64
9.673
2.4
0.243
2.569
1.106
3.397
6.57
10.001
2.694
0.556
7.623
4.386
0.605
10.001
1.584
5.512
3.201
9.178
9.92
1.847
1.762
3.695
1.422
6.406
7.543
1.466
2.023
5.808
3.811
2.75
3.788
0.412
5.758
1.327
5.358
0.608
1.577
5.918
2.477
0.343
5.023
1.71
0.412
1.664
3.47
4.823
5.027
2.366
6.92
0.515
0.801
1.75
3.873
2.56
0.969
4.079
2.741
1.29
4.577
4.516
2.074
3.271
0.745
2.435
10.001
1.982
5.904
7.989
7.005
10.001
0.559
8.03
3.631
1.336
10.001
2.443
1.588
1.901
2.11
3.831
2.367
4.111
0.619
7.417
10.001
1.656
0.865
8.236
10.003
3.659
5.085
0.656
0.965
10.001
2.372
2.107
0.482
0.553
1.908
2.187
4.596
8.004
