0.319048	3.36778e-18	0.878589	-1.5708	-4.87609e-20	-1.57	
0.319059	-0.00349693	0.878569	-1.5708	-2.5855e-06	-1.57002	
0.31907	-0.00699412	0.878549	-1.57081	-5.09667e-06	-1.57003	
0.319081	-0.0104916	0.878528	-1.57082	-7.5341e-06	-1.57005	
0.319093	-0.0139893	0.878508	-1.57082	-9.89839e-06	-1.57006	
0.319104	-0.0174873	0.878488	-1.57083	-1.21902e-05	-1.57008	
0.319115	-0.0209855	0.878468	-1.57083	-1.44101e-05	-1.5701	
0.319126	-0.024484	0.878448	-1.57084	-1.65587e-05	-1.57011	
0.319138	-0.0279828	0.878428	-1.57084	-1.86368e-05	-1.57013	
0.319149	-0.0314818	0.878408	-1.57085	-2.06449e-05	-1.57015	
0.31916	-0.0349811	0.878388	-1.57085	-2.25837e-05	-1.57016	
0.319172	-0.0384806	0.878368	-1.57086	-2.44539e-05	-1.57018	
0.319183	-0.0419804	0.878348	-1.57086	-2.62562e-05	-1.5702	
0.319195	-0.0454804	0.878328	-1.57086	-2.79912e-05	-1.57021	
0.319206	-0.0489807	0.878308	-1.57087	-2.96596e-05	-1.57023	
0.319218	-0.0524813	0.878288	-1.57087	-3.12621e-05	-1.57025	
0.319229	-0.0559821	0.878269	-1.57087	-3.27994e-05	-1.57027	
0.319241	-0.0594831	0.878249	-1.57088	-3.42722e-05	-1.57028	
0.319253	-0.0629844	0.878229	-1.57088	-3.56811e-05	-1.5703	
0.319264	-0.0664859	0.87821	-1.57088	-3.70269e-05	-1.57032	
0.319276	-0.0699877	0.87819	-1.57088	-3.83102e-05	-1.57034	
0.319287	-0.0734898	0.878171	-1.57088	-3.95317e-05	-1.57035	
0.319299	-0.076992	0.878151	-1.57089	-4.06921e-05	-1.57037	
0.319311	-0.0804945	0.878132	-1.57089	-4.17919e-05	-1.57039	
0.319323	-0.0839973	0.878113	-1.57089	-4.28319e-05	-1.57041	
0.319334	-0.0875003	0.878093	-1.57089	-4.38127e-05	-1.57043	
0.319346	-0.0910036	0.878074	-1.57089	-4.47348e-05	-1.57045	
0.319358	-0.094507	0.878055	-1.57089	-4.55989e-05	-1.57046	
0.31937	-0.0980108	0.878036	-1.57089	-4.64056e-05	-1.57048	
0.319381	-0.101515	0.878017	-1.57089	-4.71554e-05	-1.5705	
0.319393	-0.105019	0.877998	-1.57089	-4.78488e-05	-1.57052	
0.319405	-0.108523	0.87798	-1.57089	-4.84864e-05	-1.57054	
0.319417	-0.112028	0.877961	-1.57089	-4.90685e-05	-1.57056	
0.319429	-0.115533	0.877942	-1.57089	-4.95958e-05	-1.57058	
0.319441	-0.119038	0.877924	-1.57088	-5.00686e-05	-1.5706	
0.319453	-0.122543	0.877905	-1.57088	-5.04872e-05	-1.57062	
0.319464	-0.126049	0.877887	-1.57088	-5.08522e-05	-1.57064	
0.319476	-0.129555	0.877869	-1.57088	-5.11637e-05	-1.57066	
0.319488	-0.133061	0.877851	-1.57088	-5.1422e-05	-1.57068	
0.3195	-0.136567	0.877833	-1.57087	-5.16275e-05	-1.5707	
0.319512	-0.140073	0.877815	-1.57087	-5.17804e-05	-1.57072	
0.319524	-0.14358	0.877797	-1.57087	-5.18807e-05	-1.57075	
0.319536	-0.147087	0.877779	-1.57087	-5.19286e-05	-1.57077	
0.319548	-0.150594	0.877761	-1.57086	-5.19243e-05	-1.57079	
0.31956	-0.154101	0.877744	-1.57086	-5.18677e-05	-1.57081	
0.319572	-0.157609	0.877726	-1.57085	-5.17589e-05	-1.57083	
0.319584	-0.161117	0.877709	-1.57085	-5.15978e-05	-1.57086	
0.319596	-0.164625	0.877692	-1.57085	-5.13842e-05	-1.57088	
0.319608	-0.168133	0.877675	-1.57084	-5.11181e-05	-1.5709	
0.31962	-0.171641	0.877658	-1.57084	-5.07993e-05	-1.57092	
0.319632	-0.17515	0.877641	-1.57083	-5.04274e-05	-1.57095	
0.319644	-0.178659	0.877625	-1.57083	-5.00021e-05	-1.57097	
0.319656	-0.182168	0.877608	-1.57082	-4.95232e-05	-1.571	
0.319668	-0.185677	0.877592	-1.57082	-4.89903e-05	-1.57102	
0.31968	-0.189186	0.877575	-1.57081	-4.84027e-05	-1.57104	
0.319692	-0.192696	0.877559	-1.57081	-4.77601e-05	-1.57107	
0.319704	-0.196206	0.877543	-1.5708	-4.70618e-05	-1.57109	
0.319716	-0.199716	0.877528	-1.57079	-4.63072e-05	-1.57112	
0.319728	-0.203226	0.877512	-1.57079	-4.54956e-05	-1.57114	
0.31974	-0.206737	0.877496	-1.57078	-4.46263e-05	-1.57117	
0.319752	-0.210247	0.877481	-1.57077	-4.36985e-05	-1.5712	
0.319764	-0.213758	0.877466	-1.57077	-4.27113e-05	-1.57122	
0.319776	-0.217269	0.877451	-1.57076	-4.16638e-05	-1.57125	
0.319788	-0.22078	0.877436	-1.57075	-4.0555e-05	-1.57128	
0.3198	-0.224292	0.877421	-1.57075	-3.93839e-05	-1.5713	
0.319812	-0.227804	0.877407	-1.57074	-3.81494e-05	-1.57133	
0.319824	-0.231315	0.877392	-1.57073	-3.68504e-05	-1.57136	
0.319836	-0.234827	0.877378	-1.57072	-3.54856e-05	-1.57139	
0.319848	-0.23834	0.877364	-1.57071	-3.40538e-05	-1.57142	
0.31986	-0.241852	0.87735	-1.5707	-3.25537e-05	-1.57145	
0.319872	-0.245365	0.877337	-1.5707	-3.09839e-05	-1.57148	
0.319884	-0.248878	0.877323	-1.57069	-2.93429e-05	-1.57151	
0.319897	-0.252391	0.87731	-1.57068	-2.76293e-05	-1.57154	
0.319909	-0.255904	0.877297	-1.57067	-2.58416e-05	-1.57157	
0.319921	-0.259417	0.877284	-1.57066	-2.3978e-05	-1.5716	
0.319933	-0.262931	0.877271	-1.57065	-2.2037e-05	-1.57163	
0.319945	-0.266445	0.877259	-1.57064	-2.00168e-05	-1.57166	
0.319957	-0.269959	0.877246	-1.57063	-1.79157e-05	-1.5717	
0.319969	-0.273473	0.877234	-1.57062	-1.57318e-05	-1.57173	
0.319982	-0.276987	0.877223	-1.5706	-1.34633e-05	-1.57176	
0.319994	-0.280502	0.877211	-1.57059	-1.11082e-05	-1.5718	
0.320006	-0.284017	0.8772	-1.57058	-8.66444e-06	-1.57183	
0.320018	-0.287531	0.877188	-1.57057	-6.13006e-06	-1.57186	
0.320031	-0.291047	0.877178	-1.57056	-3.50294e-06	-1.5719	
0.320043	-0.294562	0.877167	-1.57055	-7.80895e-07	-1.57194	
0.320055	-0.298077	0.877156	-1.57053	2.03828e-06	-1.57197	
0.320067	-0.301593	0.877146	-1.57052	4.95685e-06	-1.57201	
0.32008	-0.305109	0.877136	-1.57051	7.97714e-06	-1.57205	
0.320092	-0.308625	0.877126	-1.5705	1.11015e-05	-1.57208	
0.320104	-0.312142	0.877117	-1.57048	1.43325e-05	-1.57212	
0.320117	-0.315658	0.877108	-1.57047	1.76724e-05	-1.57216	
0.320129	-0.319175	0.877099	-1.57045	2.11239e-05	-1.5722	
0.320141	-0.322692	0.87709	-1.57044	2.46896e-05	-1.57224	
0.320154	-0.326209	0.877082	-1.57042	2.8372e-05	-1.57228	
0.320166	-0.329726	0.877074	-1.57041	3.2174e-05	-1.57232	
0.320179	-0.333243	0.877066	-1.57039	3.60982e-05	-1.57236	
0.320191	-0.336761	0.877058	-1.57038	4.01474e-05	-1.5724	
0.320204	-0.340279	0.877051	-1.57036	4.43246e-05	-1.57245	
0.320216	-0.343797	0.877044	-1.57035	4.86325e-05	-1.57249	
0.320229	-0.347315	0.877037	-1.57033	5.30743e-05	-1.57253	
0.320242	-0.350834	0.877031	-1.57031	5.76528e-05	-1.57258	
0.320215	-0.350402	0.877039	-1.57032	-0.00994374	-1.57257	
0.320189	-0.349971	0.877044	-1.57032	-0.0199451	-1.57257	
0.320163	-0.349539	0.877044	-1.57032	-0.0299465	-1.57257	
0.320136	-0.349107	0.87704	-1.57032	-0.039948	-1.57256	
0.32011	-0.348676	0.877032	-1.57033	-0.0499494	-1.57256	
0.320084	-0.348244	0.877019	-1.57033	-0.0599508	-1.57256	
0.320057	-0.347813	0.877002	-1.57033	-0.0699523	-1.57255	
0.320031	-0.347382	0.87698	-1.57033	-0.0799537	-1.57255	
0.320005	-0.346951	0.876955	-1.57033	-0.0899552	-1.57255	
0.319978	-0.34652	0.876925	-1.57034	-0.0999566	-1.57254	
0.319952	-0.34609	0.87689	-1.57034	-0.109958	-1.57254	
0.319926	-0.34566	0.876852	-1.57034	-0.11996	-1.57254	
0.319899	-0.34523	0.876809	-1.57034	-0.129961	-1.57253	
0.319873	-0.344801	0.876761	-1.57035	-0.139963	-1.57253	
0.319847	-0.344372	0.87671	-1.57035	-0.149964	-1.57252	
0.31982	-0.343944	0.876654	-1.57035	-0.159966	-1.57252	
0.319794	-0.343517	0.876594	-1.57035	-0.169967	-1.57252	
0.319768	-0.34309	0.87653	-1.57035	-0.179969	-1.57251	
0.319742	-0.342664	0.876461	-1.57036	-0.18997	-1.57251	
0.319715	-0.342238	0.876388	-1.57036	-0.199972	-1.57251	
0.319689	-0.341813	0.876311	-1.57036	-0.209973	-1.5725	
0.319663	-0.341389	0.87623	-1.57036	-0.219975	-1.5725	
0.319637	-0.340966	0.876144	-1.57036	-0.229976	-1.57249	
0.31961	-0.340544	0.876054	-1.57037	-0.239978	-1.57249	
0.319584	-0.340123	0.87596	-1.57037	-0.249979	-1.57249	
0.319558	-0.339702	0.875862	-1.57037	-0.259981	-1.57248	
0.319532	-0.339283	0.87576	-1.57037	-0.269982	-1.57248	
0.319505	-0.338864	0.875653	-1.57037	-0.279984	-1.57247	
0.319479	-0.338447	0.875542	-1.57038	-0.289985	-1.57247	
0.319453	-0.338031	0.875427	-1.57038	-0.299987	-1.57247	
0.319427	-0.337616	0.875308	-1.57038	-0.309989	-1.57246	
0.319401	-0.337202	0.875185	-1.57038	-0.31999	-1.57246	
0.319374	-0.33679	0.875058	-1.57038	-0.329992	-1.57246	
0.319348	-0.336378	0.874926	-1.57039	-0.339993	-1.57245	
0.319322	-0.335968	0.874791	-1.57039	-0.349995	-1.57245	
0.319296	-0.33556	0.874651	-1.57039	-0.359996	-1.57244	
0.31927	-0.335153	0.874507	-1.57039	-0.369998	-1.57244	
0.319243	-0.334747	0.874359	-1.57039	-0.38	-1.57244	
0.319217	-0.334343	0.874208	-1.5704	-0.390001	-1.57243	
0.319191	-0.33394	0.874052	-1.5704	-0.400003	-1.57243	
0.319165	-0.333539	0.873892	-1.5704	-0.410004	-1.57242	
0.319139	-0.333139	0.873728	-1.5704	-0.420006	-1.57242	
0.319113	-0.332741	0.87356	-1.5704	-0.430007	-1.57242	
0.319087	-0.332345	0.873388	-1.57041	-0.440009	-1.57241	
0.319061	-0.331951	0.873212	-1.57041	-0.450011	-1.57241	
0.319034	-0.331558	0.873033	-1.57041	-0.460012	-1.5724	
0.319008	-0.331167	0.872849	-1.57041	-0.470014	-1.5724	
0.318982	-0.330778	0.872661	-1.57041	-0.480015	-1.5724	
0.318956	-0.330391	0.87247	-1.57042	-0.490017	-1.57239	
0.31893	-0.330006	0.872275	-1.57042	-0.500019	-1.57239	
0.318904	-0.329622	0.872076	-1.57042	-0.51002	-1.57238	
0.318878	-0.329241	0.871873	-1.57042	-0.520022	-1.57238	
0.318852	-0.328862	0.871666	-1.57042	-0.530023	-1.57238	
0.318826	-0.328485	0.871455	-1.57043	-0.540025	-1.57237	
0.3188	-0.32811	0.871241	-1.57043	-0.550026	-1.57237	
0.318774	-0.327737	0.871023	-1.57043	-0.560028	-1.57236	
0.318748	-0.327366	0.870801	-1.57043	-0.57003	-1.57236	
0.318722	-0.326998	0.870576	-1.57044	-0.580031	-1.57235	
0.318696	-0.326631	0.870347	-1.57044	-0.590033	-1.57235	
0.31867	-0.326267	0.870114	-1.57044	-0.600034	-1.57235	
0.318644	-0.325906	0.869878	-1.57044	-0.610036	-1.57234	
0.318618	-0.325546	0.869638	-1.57044	-0.620037	-1.57234	
0.318592	-0.32519	0.869394	-1.57045	-0.630039	-1.57233	
0.318566	-0.324835	0.869147	-1.57045	-0.640041	-1.57233	
0.31854	-0.324483	0.868897	-1.57045	-0.650042	-1.57232	
0.318514	-0.324134	0.868643	-1.57045	-0.660044	-1.57232	
0.318488	-0.323787	0.868385	-1.57046	-0.670045	-1.57232	
0.318462	-0.323443	0.868124	-1.57046	-0.680047	-1.57231	
0.318436	-0.323101	0.867859	-1.57046	-0.690048	-1.57231	
0.31841	-0.322762	0.867592	-1.57046	-0.70005	-1.5723	
0.318385	-0.322425	0.86732	-1.57047	-0.710051	-1.5723	
0.318359	-0.322092	0.867046	-1.57047	-0.720053	-1.57229	
0.318333	-0.321761	0.866768	-1.57047	-0.730054	-1.57229	
0.318307	-0.321433	0.866487	-1.57047	-0.740056	-1.57228	
0.318281	-0.321107	0.866202	-1.57048	-0.750057	-1.57228	
0.318255	-0.320785	0.865914	-1.57048	-0.760059	-1.57227	
0.318229	-0.320465	0.865623	-1.57048	-0.77006	-1.57227	
0.318203	-0.320148	0.865329	-1.57049	-0.780062	-1.57226	
0.318178	-0.319834	0.865032	-1.57049	-0.790063	-1.57226	
0.318152	-0.319524	0.864732	-1.57049	-0.800065	-1.57226	
0.318126	-0.319216	0.864428	-1.57049	-0.810066	-1.57225	
0.3181	-0.318911	0.864122	-1.5705	-0.820068	-1.57225	
0.318074	-0.318609	0.863812	-1.5705	-0.830069	-1.57224	
0.318049	-0.318311	0.863499	-1.5705	-0.840071	-1.57224	
0.318023	-0.318015	0.863184	-1.57051	-0.850072	-1.57223	
0.317997	-0.317723	0.862865	-1.57051	-0.860074	-1.57222	
0.317971	-0.317433	0.862544	-1.57052	-0.870075	-1.57222	
0.317946	-0.317147	0.86222	-1.57052	-0.880077	-1.57221	
0.31792	-0.316865	0.861892	-1.57052	-0.890078	-1.57221	
0.317894	-0.316585	0.861562	-1.57053	-0.90008	-1.5722	
0.317869	-0.316309	0.86123	-1.57053	-0.910081	-1.5722	
0.317843	-0.316036	0.860894	-1.57053	-0.920082	-1.57219	
0.317817	-0.315767	0.860556	-1.57054	-0.930084	-1.57219	
0.317791	-0.3155	0.860215	-1.57054	-0.940085	-1.57218	
0.317766	-0.315238	0.859871	-1.57055	-0.950087	-1.57217	
0.31774	-0.314978	0.859525	-1.57055	-0.960088	-1.57217	
0.317715	-0.314722	0.859177	-1.57056	-0.970089	-1.57216	
0.317689	-0.31447	0.858825	-1.57056	-0.980091	-1.57215	
0.317663	-0.314221	0.858471	-1.57057	-0.990092	-1.57215	
0.317638	-0.313975	0.858115	-1.57057	-1.00009	-1.57214	
0.317649	-0.310495	0.859592	-1.5705	-1.00008	-1.57219	
0.317661	-0.307014	0.861069	-1.57044	-1.00007	-1.57223	
0.317673	-0.303533	0.862546	-1.57037	-1.00006	-1.57228	
0.317686	-0.300052	0.864024	-1.5703	-1.00005	-1.57232	
0.317698	-0.296571	0.865502	-1.57023	-1.00004	-1.57237	
0.31771	-0.293089	0.86698	-1.57016	-1.00003	-1.57242	
0.317723	-0.289608	0.868459	-1.57009	-1.00002	-1.57247	
0.317736	-0.286126	0.869938	-1.57001	-1.00002	-1.57252	
0.317749	-0.282644	0.871417	-1.56994	-1.00001	-1.57257	
0.317762	-0.279162	0.872897	-1.56987	-0.999996	-1.57263	
0.317775	-0.27568	0.874377	-1.56979	-0.999987	-1.57268	
0.317788	-0.272197	0.875858	-1.56971	-0.999977	-1.57274	
0.317801	-0.268715	0.877339	-1.56964	-0.999968	-1.5728	
0.317815	-0.265232	0.87882	-1.56956	-0.999958	-1.57285	
0.317828	-0.261749	0.880302	-1.56948	-0.999949	-1.57291	
0.317842	-0.258266	0.881784	-1.5694	-0.99994	-1.57297	
0.317855	-0.254783	0.883267	-1.56932	-0.999931	-1.57303	
0.317869	-0.2513	0.88475	-1.56923	-0.999921	-1.5731	
0.317883	-0.247816	0.886234	-1.56915	-0.999912	-1.57316	
0.317897	-0.244333	0.887717	-1.56907	-0.999903	-1.57323	
0.317911	-0.240849	0.889202	-1.56898	-0.999894	-1.57329	
0.317925	-0.237365	0.890687	-1.5689	-0.999885	-1.57336	
0.317939	-0.233882	0.892172	-1.56881	-0.999876	-1.57343	
0.317954	-0.230398	0.893658	-1.56872	-0.999867	-1.5735	
0.317968	-0.226914	0.895144	-1.56863	-0.999858	-1.57357	
0.317982	-0.223429	0.896631	-1.56854	-0.999849	-1.57364	
0.317997	-0.219945	0.898118	-1.56845	-0.99984	-1.57372	
0.318011	-0.216461	0.899605	-1.56836	-0.999831	-1.57379	
0.318026	-0.212977	0.901093	-1.56826	-0.999822	-1.57387	
0.31804	-0.209492	0.902582	-1.56817	-0.999813	-1.57395	
0.318055	-0.206008	0.904071	-1.56807	-0.999804	-1.57403	
0.318069	-0.202523	0.905561	-1.56797	-0.999795	-1.57411	
0.318084	-0.199039	0.907051	-1.56788	-0.999786	-1.57419	
0.318099	-0.195554	0.908542	-1.56778	-0.999777	-1.57427	
0.318114	-0.192069	0.910033	-1.56768	-0.999768	-1.57436	
0.318128	-0.188584	0.911525	-1.56757	-0.999759	-1.57444	
0.318143	-0.1851	0.913017	-1.56747	-0.999751	-1.57453	
0.318158	-0.181615	0.91451	-1.56737	-0.999742	-1.57462	
0.318173	-0.17813	0.916003	-1.56726	-0.999733	-1.57471	
0.318188	-0.174645	0.917497	-1.56715	-0.999724	-1.5748	
0.318202	-0.17116	0.918992	-1.56705	-0.999715	-1.57489	
0.318217	-0.167675	0.920487	-1.56694	-0.999706	-1.57499	
0.318232	-0.16419	0.921983	-1.56683	-0.999697	-1.57508	
0.318247	-0.160706	0.923479	-1.56671	-0.999687	-1.57518	
0.318262	-0.157221	0.924976	-1.5666	-0.999678	-1.57528	
0.318277	-0.153736	0.926473	-1.56649	-0.999669	-1.57538	
0.318291	-0.150251	0.927971	-1.56637	-0.99966	-1.57548	
0.318306	-0.146766	0.92947	-1.56625	-0.999651	-1.57558	
0.318321	-0.143282	0.93097	-1.56614	-0.999641	-1.57568	
0.318336	-0.139797	0.93247	-1.56602	-0.999632	-1.57579	
0.318351	-0.136312	0.93397	-1.5659	-0.999623	-1.5759	
0.318365	-0.132828	0.935471	-1.56577	-0.999613	-1.57601	
0.31838	-0.129343	0.936973	-1.56565	-0.999604	-1.57612	
0.318395	-0.125859	0.938476	-1.56552	-0.999594	-1.57623	
0.318409	-0.122374	0.939979	-1.5654	-0.999585	-1.57634	
0.318424	-0.11889	0.941483	-1.56527	-0.999575	-1.57646	
0.318439	-0.115406	0.942988	-1.56514	-0.999565	-1.57657	
0.318453	-0.111922	0.944493	-1.56501	-0.999555	-1.57669	
0.318468	-0.108438	0.945999	-1.56488	-0.999545	-1.57681	
0.318482	-0.104954	0.947506	-1.56474	-0.999535	-1.57693	
0.318497	-0.10147	0.949013	-1.56461	-0.999525	-1.57706	
0.318511	-0.0979867	0.950521	-1.56447	-0.999515	-1.57718	
0.318526	-0.0945033	0.95203	-1.56433	-0.999505	-1.57731	
0.31854	-0.09102	0.953539	-1.56419	-0.999494	-1.57744	
0.318554	-0.0875369	0.95505	-1.56405	-0.999484	-1.57757	
0.318569	-0.0840539	0.956561	-1.5639	-0.999473	-1.5777	
0.318583	-0.0805711	0.958072	-1.56376	-0.999462	-1.57783	
0.318597	-0.0770886	0.959585	-1.56361	-0.999451	-1.57797	
0.318611	-0.0736062	0.961098	-1.56346	-0.99944	-1.57811	
0.318625	-0.070124	0.962612	-1.56331	-0.999429	-1.57825	
0.318639	-0.066642	0.964127	-1.56316	-0.999417	-1.57839	
0.318653	-0.0631603	0.965643	-1.563	-0.999406	-1.57853	
0.318667	-0.0596787	0.967159	-1.56285	-0.999394	-1.57868	
0.318681	-0.0561975	0.968676	-1.56269	-0.999382	-1.57882	
0.318695	-0.0527164	0.970194	-1.56253	-0.99937	-1.57897	
0.318709	-0.0492357	0.971713	-1.56237	-0.999358	-1.57912	
0.318723	-0.0457552	0.973233	-1.5622	-0.999346	-1.57928	
0.318737	-0.042275	0.974754	-1.56204	-0.999333	-1.57943	
0.31875	-0.038795	0.976275	-1.56187	-0.99932	-1.57959	
0.318764	-0.0353154	0.977797	-1.5617	-0.999307	-1.57975	
0.318778	-0.0318361	0.97932	-1.56153	-0.999294	-1.57991	
0.318791	-0.0283571	0.980844	-1.56136	-0.999281	-1.58008	
0.318805	-0.0248785	0.982369	-1.56118	-0.999267	-1.58024	
0.318819	-0.0214002	0.983895	-1.561	-0.999253	-1.58041	
0.318832	-0.0179222	0.985422	-1.56082	-0.999239	-1.58058	
0.318846	-0.0144446	0.986949	-1.56064	-0.999224	-1.58076	
0.318859	-0.0109674	0.988478	-1.56045	-0.99921	-1.58093	
0.318873	-0.0074906	0.990007	-1.56026	-0.999195	-1.58111	
0.318886	-0.00401419	0.991537	-1.56007	-0.999179	-1.58129	
0.3189	-0.000538192	0.993069	-1.55988	-0.999164	-1.58147	
0.318913	0.00293738	0.994601	-1.55969	-0.999148	-1.58166	
0.318926	0.0064125	0.996134	-1.55949	-0.999131	-1.58185	
0.31894	0.00988717	0.997669	-1.55929	-0.999115	-1.58204	
0.318953	0.0133614	0.999204	-1.55909	-0.999098	-1.58223	
0.318967	0.0168351	1.00074	-1.55888	-0.999081	-1.58243	
0.31898	0.0203083	1.00228	-1.55867	-0.999063	-1.58263	
0.318993	0.023781	1.00382	-1.55846	-0.999045	-1.58283	
0.319007	0.0272532	1.00536	-1.55825	-0.999026	-1.58304	
0.31902	0.0307249	1.0069	-1.55803	-0.999008	-1.58324	
0.319034	0.034196	1.00844	-1.55781	-0.998988	-1.58345	
0.319034	0.034196	1.00844	-1.55781	-0.998988	-1.58345	
0.319034	0.034196	1.00844	-1.55781	-0.998988	-1.58345	
0.319034	0.034196	1.00844	-1.55781	-0.998988	-1.58345	
0.319034	0.034196	1.00844	-1.55781	-0.998988	-1.58345	
0.319034	0.034196	1.00844	-1.55781	-0.998988	-1.58345	
0.319034	0.034196	1.00844	-1.55781	-0.998988	-1.58345	
0.319034	0.034196	1.00844	-1.55781	-0.998988	-1.58345	
0.319034	0.034196	1.00844	-1.55781	-0.998988	-1.58345	
0.319034	0.034196	1.00844	-1.55781	-0.998988	-1.58345	
0.319034	0.034196	1.00844	-1.55781	-0.998988	-1.58345	
0.319034	0.034196	1.00844	-1.55781	-0.998988	-1.58345	
0.319034	0.034196	1.00844	-1.55781	-0.998988	-1.58345	
0.319034	0.034196	1.00844	-1.55781	-0.998988	-1.58345	
0.319034	0.034196	1.00844	-1.55781	-0.998988	-1.58345	
0.319034	0.034196	1.00844	-1.55781	-0.998988	-1.58345	
0.319034	0.034196	1.00844	-1.55781	-0.998988	-1.58345	
0.319034	0.034196	1.00844	-1.55781	-0.998988	-1.58345	
0.319034	0.034196	1.00844	-1.55781	-0.998988	-1.58345	
0.319034	0.034196	1.00844	-1.55781	-0.998988	-1.58345	
0.319034	0.034196	1.00844	-1.55781	-0.998988	-1.58345	
0.319034	0.034196	1.00844	-1.55781	-0.998988	-1.58345	
0.319034	0.034196	1.00844	-1.55781	-0.998988	-1.58345	
0.319034	0.034196	1.00844	-1.55781	-0.998988	-1.58345	
0.319034	0.034196	1.00844	-1.55781	-0.998988	-1.58345	
0.319034	0.034196	1.00844	-1.55781	-0.998988	-1.58345	
0.319034	0.034196	1.00844	-1.55781	-0.998988	-1.58345	
0.319034	0.034196	1.00844	-1.55781	-0.998988	-1.58345	
0.319034	0.034196	1.00844	-1.55781	-0.998988	-1.58345	
0.319034	0.034196	1.00844	-1.55781	-0.998988	-1.58345	
0.319034	0.034196	1.00844	-1.55781	-0.998988	-1.58345	
0.319034	0.034196	1.00844	-1.55781	-0.998988	-1.58345	
0.319034	0.034196	1.00844	-1.55781	-0.998988	-1.58345	
0.319034	0.034196	1.00844	-1.55781	-0.998988	-1.58345	
0.319034	0.034196	1.00844	-1.55781	-0.998988	-1.58345	
0.319034	0.034196	1.00844	-1.55781	-0.998988	-1.58345	
0.319034	0.034196	1.00844	-1.55781	-0.998988	-1.58345	
0.319034	0.034196	1.00844	-1.55781	-0.998988	-1.58345	
0.319034	0.034196	1.00844	-1.55781	-0.998988	-1.58345	
0.319034	0.034196	1.00844	-1.55781	-0.998988	-1.58345	
0.319034	0.034196	1.00844	-1.55781	-0.998988	-1.58345	
0.319034	0.034196	1.00844	-1.55781	-0.998988	-1.58345	
0.319034	0.034196	1.00844	-1.55781	-0.998988	-1.58345	
0.319034	0.034196	1.00844	-1.55781	-0.998988	-1.58345	
0.319034	0.034196	1.00844	-1.55781	-0.998988	-1.58345	
0.319034	0.034196	1.00844	-1.55781	-0.998988	-1.58345	
0.319034	0.034196	1.00844	-1.55781	-0.998988	-1.58345	
0.319034	0.034196	1.00844	-1.55781	-0.998988	-1.58345	
0.319034	0.034196	1.00844	-1.55781	-0.998988	-1.58345	
0.319034	0.034196	1.00844	-1.55781	-0.998988	-1.58345	
0.319034	0.034196	1.00844	-1.55781	-0.998988	-1.58345	
0.319034	0.034196	1.00844	-1.55781	-0.998988	-1.58345	
0.319034	0.034196	1.00844	-1.55781	-0.998988	-1.58345	
0.319034	0.034196	1.00844	-1.55781	-0.998988	-1.58345	
0.319034	0.034196	1.00844	-1.55781	-0.998988	-1.58345	
0.319034	0.034196	1.00844	-1.55781	-0.998988	-1.58345	
0.319034	0.034196	1.00844	-1.55781	-0.998988	-1.58345	
0.319034	0.034196	1.00844	-1.55781	-0.998988	-1.58345	
0.319034	0.034196	1.00844	-1.55781	-0.998988	-1.58345	
0.319034	0.034196	1.00844	-1.55781	-0.998988	-1.58345	
0.319034	0.034196	1.00844	-1.55781	-0.998988	-1.58345	
0.319034	0.034196	1.00844	-1.55781	-0.998988	-1.58345	
0.319034	0.034196	1.00844	-1.55781	-0.998988	-1.58345	
0.319034	0.034196	1.00844	-1.55781	-0.998988	-1.58345	
0.319034	0.034196	1.00844	-1.55781	-0.998988	-1.58345	
0.319034	0.034196	1.00844	-1.55781	-0.998988	-1.58345	
0.319034	0.034196	1.00844	-1.55781	-0.998988	-1.58345	
0.319034	0.034196	1.00844	-1.55781	-0.998988	-1.58345	
0.319034	0.034196	1.00844	-1.55781	-0.998988	-1.58345	
0.319034	0.034196	1.00844	-1.55781	-0.998988	-1.58345	
0.319034	0.034196	1.00844	-1.55781	-0.998988	-1.58345	
0.319034	0.034196	1.00844	-1.55781	-0.998988	-1.58345	
0.319034	0.034196	1.00844	-1.55781	-0.998988	-1.58345	
0.319034	0.034196	1.00844	-1.55781	-0.998988	-1.58345	
0.319034	0.034196	1.00844	-1.55781	-0.998988	-1.58345	
0.319034	0.034196	1.00844	-1.55781	-0.998988	-1.58345	
0.319034	0.034196	1.00844	-1.55781	-0.998988	-1.58345	
0.319034	0.034196	1.00844	-1.55781	-0.998988	-1.58345	
0.319034	0.034196	1.00844	-1.55781	-0.998988	-1.58345	
0.319034	0.034196	1.00844	-1.55781	-0.998988	-1.58345	
0.319034	0.034196	1.00844	-1.55781	-0.998988	-1.58345	
0.319034	0.034196	1.00844	-1.55781	-0.998988	-1.58345	
0.319034	0.034196	1.00844	-1.55781	-0.998988	-1.58345	
0.319034	0.034196	1.00844	-1.55781	-0.998988	-1.58345	
0.319034	0.034196	1.00844	-1.55781	-0.998988	-1.58345	
0.319034	0.034196	1.00844	-1.55781	-0.998988	-1.58345	
0.319034	0.034196	1.00844	-1.55781	-0.998988	-1.58345	
0.319034	0.034196	1.00844	-1.55781	-0.998988	-1.58345	
0.319034	0.034196	1.00844	-1.55781	-0.998988	-1.58345	
0.319034	0.034196	1.00844	-1.55781	-0.998988	-1.58345	
0.319034	0.034196	1.00844	-1.55781	-0.998988	-1.58345	
0.319034	0.034196	1.00844	-1.55781	-0.998988	-1.58345	
0.319034	0.034196	1.00844	-1.55781	-0.998988	-1.58345	
0.319034	0.034196	1.00844	-1.55781	-0.998988	-1.58345	
0.319034	0.034196	1.00844	-1.55781	-0.998988	-1.58345	
0.319034	0.034196	1.00844	-1.55781	-0.998988	-1.58345	
0.319034	0.034196	1.00844	-1.55781	-0.998988	-1.58345	
0.319034	0.034196	1.00844	-1.55781	-0.998988	-1.58345	
0.319034	0.034196	1.00844	-1.55781	-0.998988	-1.58345	
0.319034	0.034196	1.00844	-1.55781	-0.998988	-1.58345	
0.319034	0.034196	1.00844	-1.55781	-0.998988	-1.58345	
0.319007	0.0309584	1.00801	-1.55772	-1.00897	-1.58359	
0.318981	0.027716	1.00758	-1.55763	-1.01894	-1.58373	
0.318955	0.0244686	1.00715	-1.55752	-1.02892	-1.58387	
0.318929	0.0212161	1.00672	-1.55742	-1.0389	-1.58402	
0.318903	0.0179586	1.00628	-1.5573	-1.04888	-1.58417	
0.318878	0.014696	1.00584	-1.55718	-1.05886	-1.58433	
0.318854	0.0114283	1.0054	-1.55706	-1.06884	-1.58449	
0.318829	0.00815538	1.00495	-1.55692	-1.07881	-1.58466	
0.318805	0.00487731	1.00451	-1.55678	-1.08879	-1.58483	
0.318781	0.00159402	1.00406	-1.55662	-1.09877	-1.58501	
0.318757	-0.00169453	1.0036	-1.55646	-1.10875	-1.5852	
0.318734	-0.00498836	1.00315	-1.55629	-1.11873	-1.5854	
0.318711	-0.0082875	1.00269	-1.55611	-1.12871	-1.5856	
0.318688	-0.011592	1.00223	-1.55592	-1.13868	-1.58582	
0.318666	-0.0149018	1.00177	-1.55571	-1.14866	-1.58604	
0.318644	-0.0182171	1.00131	-1.55549	-1.15864	-1.58628	
0.318622	-0.0215378	1.00084	-1.55526	-1.16862	-1.58653	
0.318601	-0.0248639	1.00038	-1.55501	-1.1786	-1.58679	
0.318579	-0.0281955	0.999909	-1.55475	-1.18857	-1.58707	
0.318558	-0.0315325	0.999439	-1.55447	-1.19855	-1.58736	
0.318538	-0.0348751	0.998967	-1.55417	-1.20853	-1.58767	
0.318517	-0.0382233	0.998494	-1.55385	-1.21851	-1.58799	
0.318497	-0.041577	0.998019	-1.55351	-1.22849	-1.58834	
0.318477	-0.0449363	0.997543	-1.55315	-1.23846	-1.58871	
0.318458	-0.0483011	0.997065	-1.55275	-1.24844	-1.58911	
0.318438	-0.0516716	0.996586	-1.55233	-1.25842	-1.58953	
0.318419	-0.0550477	0.996106	-1.55188	-1.2684	-1.58998	
0.3184	-0.0584295	0.995625	-1.55139	-1.27837	-1.59046	
0.318382	-0.0618169	0.995142	-1.55087	-1.28835	-1.59099	
0.318363	-0.0652101	0.994659	-1.5503	-1.29833	-1.59155	
0.318345	-0.0686089	0.994175	-1.54968	-1.3083	-1.59216	
0.318327	-0.0720134	0.99369	-1.54901	-1.31828	-1.59282	
0.318309	-0.0754236	0.993205	-1.54828	-1.32825	-1.59354	
0.318292	-0.0788395	0.992719	-1.54748	-1.33823	-1.59432	
0.318275	-0.0822612	0.992232	-1.54661	-1.34821	-1.59519	
0.318258	-0.0856886	0.991745	-1.54564	-1.35818	-1.59613	
0.318241	-0.0891217	0.991257	-1.54458	-1.36816	-1.59718	
0.318224	-0.0925606	0.990769	-1.5434	-1.37813	-1.59834	
0.318208	-0.0960053	0.990281	-1.54208	-1.3881	-1.59964	
0.318191	-0.0994557	0.989793	-1.54061	-1.39808	-1.60109	
0.318175	-0.102912	0.989304	-1.53894	-1.40805	-1.60273	
0.318159	-0.106374	0.988816	-1.53705	-1.41802	-1.60459	
0.318144	-0.109842	0.988327	-1.53489	-1.42799	-1.60673	
0.318128	-0.113315	0.987839	-1.5324	-1.43796	-1.60919	
0.318113	-0.116794	0.987352	-1.52949	-1.44793	-1.61207	
0.318097	-0.120279	0.986864	-1.52605	-1.45789	-1.61548	
0.318082	-0.12377	0.986377	-1.52194	-1.46786	-1.61956	
0.318067	-0.127266	0.98589	-1.51693	-1.47782	-1.62453	
0.318052	-0.130768	0.985405	-1.51071	-1.48778	-1.63072	
0.318038	-0.134276	0.984919	-1.50277	-1.49774	-1.63862	
0.318023	-0.13779	0.984435	-1.4923	-1.50768	-1.64904	
0.318008	-0.141309	0.983951	-1.4779	-1.51762	-1.6634	
0.317994	-0.144834	0.983469	-1.45686	-1.52754	-1.68441	
0.31798	-0.148365	0.982987	-1.42327	-1.53743	-1.71795	
0.317965	-0.151901	0.982506	-1.36149	-1.54725	-1.77968	
0.317951	-0.155443	0.982027	-1.21308	-1.55686	-1.92805	
0.317937	-0.158991	0.981549	-0.564786	-1.56503	-2.57629	
0.317923	-0.162544	0.981072	0.955706	-1.56237	2.18646	
0.317909	-0.166103	0.980597	1.29022	-1.55326	1.85199	
0.317895	-0.169667	0.980124	1.39186	-1.54354	1.75041	
0.317881	-0.173237	0.979652	1.43979	-1.53369	1.70254	
0.317867	-0.176812	0.979181	1.46754	-1.52379	1.67484	
0.317853	-0.180393	0.978713	1.4856	-1.51386	1.65684	
0.317839	-0.183979	0.978246	1.49827	-1.50393	1.64422	
0.317825	-0.187571	0.977782	1.50764	-1.49398	1.63491	
0.317811	-0.191168	0.977319	1.51485	-1.48403	1.62777	
0.317797	-0.19477	0.976859	1.52056	-1.47408	1.62213	
0.317783	-0.198378	0.976401	1.52518	-1.46413	1.61756	
0.317769	-0.20199	0.975945	1.529	-1.45417	1.61381	
0.317755	-0.205608	0.975492	1.53221	-1.44422	1.61067	
0.317741	-0.209232	0.975041	1.53494	-1.43426	1.60801	
0.317726	-0.21286	0.974593	1.53728	-1.4243	1.60573	
0.317712	-0.216494	0.974147	1.53932	-1.41435	1.60377	
0.317698	-0.220132	0.973704	1.5411	-1.40439	1.60206	
0.317683	-0.223776	0.973264	1.54267	-1.39443	1.60057	
0.317668	-0.227424	0.972827	1.54406	-1.38448	1.59925	
0.317654	-0.231078	0.972393	1.5453	-1.37452	1.59808	
0.317639	-0.234736	0.971962	1.54642	-1.36457	1.59705	
0.317624	-0.238399	0.971535	1.54742	-1.35462	1.59613	
0.317609	-0.242066	0.97111	1.54832	-1.34466	1.5953	
0.317594	-0.245739	0.970689	1.54914	-1.33471	1.59456	
0.317578	-0.249416	0.970271	1.54988	-1.32476	1.5939	
0.317563	-0.253097	0.969857	1.55056	-1.31481	1.59331	
0.317547	-0.256783	0.969446	1.55118	-1.30486	1.59277	
0.317531	-0.260474	0.969039	1.55175	-1.29491	1.59229	
0.317515	-0.264168	0.968636	1.55227	-1.28496	1.59186	
0.317499	-0.267867	0.968236	1.55275	-1.27501	1.59147	
0.317483	-0.271571	0.96784	1.55319	-1.26507	1.59112	
0.317466	-0.275278	0.967449	1.55359	-1.25512	1.5908	
0.31745	-0.278989	0.967061	1.55396	-1.24518	1.59052	
0.317433	-0.282705	0.966678	1.55431	-1.23523	1.59027	
0.317416	-0.286424	0.966298	1.55462	-1.22529	1.59005	
0.317398	-0.290147	0.965923	1.55491	-1.21535	1.58985	
0.317381	-0.293874	0.965552	1.55518	-1.20541	1.58967	
0.317363	-0.297604	0.965186	1.55543	-1.19547	1.58952	
0.317345	-0.301338	0.964824	1.55566	-1.18554	1.58939	
0.317327	-0.305076	0.964467	1.55586	-1.1756	1.58928	
0.317309	-0.308817	0.964114	1.55606	-1.16567	1.58918	
0.31729	-0.312561	0.963766	1.55623	-1.15573	1.58911	
0.317272	-0.316308	0.963422	1.55639	-1.1458	1.58904	
