0	
0.364025	
0.554648	
0.81815	
1.14401	
1.51928	
1.93134	
2.36797	
2.81763	
3.26977	
0.500707	
0.0311651	
0.0019387	
0.000120569	
7.49658e-06	
4.66028e-07	
2.89664e-08	
1.80021e-09	
1.11854e-10	
6.86112e-12	
2.52027	
2.6883	
2.47903	
2.30381	
2.19124	
2.14808	
2.17752	
2.2798	
2.4522	
2.68924	
0.37367	
0.0168218	
0.000761553	
3.46165e-05	
1.57814e-06	
7.21e-08	
3.29901e-09	
1.51151e-10	
6.92816e-12	
3.24758e-13	
2.29741	
2.77921	
2.93597	
3.11596	
3.33275	
3.58079	
3.85297	
4.14192	
4.44038	
4.74153	
